           1           2   1.4405406072843188     
           2           3   1.4405078670619065     
           1           4  0.11366223051310881     
           3           4   1.4405406072843205     
           2           5  0.11367709181859720     
           4           5   1.4405406072843185     
           1           6   1.4405406072843172     
           3           6  0.11367709181859584     
           5           6   1.4405078670619076     
           1           7  0.97196931379282780     
           2           8  0.97198790431494297     
           3           9  0.97198790431494309     
           4          10  0.97196931379282836     
           5          11  0.97198790431494331     
           6          12  0.97198790431494542     
